rmse:5.397045546690652
rsq:0.9259493015127271
mae:4.201857735832928
parameters :
AR_1:0.38134913991623676 (5.558032098286668e-17)
