rmse:6.207147133706445
rsq:0.9036167384233226
mae:4.635789779380128
parameters :
AR_1:0.7720915478075628 (8.525826271255064e-07)
AR_2:0.6765843041409078 (4.4860817267390547e-35)
AR_3:-0.8653988041196359 (3.454387767477448e-08)
AR_4:0.18453515323299707 (5.3461377081220215e-09)
MA_1:-0.5809116925207051 (0.0002139578601633118)
MA_2:-0.7936221724767761 (4.8941786618659147e-79)
MA_3:0.7216947661142127 (1.8187390409869482e-06)
