rmse:[5.55933408]
rsq:[0.92142895]
mae:[4.3408143]
parameters :
constant:0.1353737438472758 (0.02310955124860332)
AR_1:0.1353737438472758 (0.02310955124860332)
AR_2:0.1764571529878849 (0.0005684156171877032)
AR_3:0.7541868085974999 (7.190727810990182e-67)
AR_4:-0.39229043036768124 (4.764188024421861e-17)
MA_1:0.2565789044617718 (1.605649437817895e-08)
MA_2:-0.09018153170653376 (0.08477681707919144)
MA_3:-0.9236799382757156 (1.9132599855885748e-93)
