rmse:1.2614030236840696
rsq:0.9946380948876059
mae:0.9125397812393936
parameters :
AR_1:-1.4634788156932599 (5.2402398257566456e-15)
AR_2:-1.1848146528784151 (2.435440710568055e-06)
AR_3:-0.4724890215045737 (0.01620155440284361)
MA_1:1.4195907690105445 (2.0806513234830338e-13)
MA_2:1.0992591432552579 (2.634920580810595e-05)
MA_3:0.4087997321115753 (0.04370560248789477)
