rmse:1.259336824655202
rsq:0.9946556462797139
mae:0.9100320517572286
parameters :
AR_1:-0.04654141531307247 (0.0009175053044890212)
AR_2:-0.02357589462238581 (0.09340655790075533)
AR_3:0.02395879347660773 (0.08829630005776655)
AR_4:0.026593949643603378 (0.059512625437563124)
