rmse:1.5929729689701093
rsq:0.9946319099179177
mae:0.9118384479137105