rmse:1.2581598061897732
rsq:0.9946656316359436
mae:0.9096959408646256
parameters :
AR_1:-0.046539593291048245 (0.0009187358248456869)
AR_2:-0.025295250930657064 (0.07163644439575421)
