rmse:1.5777424039074615
rsq:0.9946832347343771
mae:0.9089928794141778