rmse:2.9423706501711204
rsq:0.9708253168222347
mae:2.2464658456496736
parameters :
AR_1:-0.04873701563739456 (0.0005213017359828908)
AR_2:-0.024391911207738013 (0.08274085021517905)
AR_3:0.022153432724699003 (0.11505171461678552)
AR_4:0.02742977274304996 (0.05083246571888953)
