epoch : 30, rmse: 3.519536, R2: 0.969012, MAE: 2.599361
epoch : 60, rmse: 3.480695, R2: 0.969693, MAE: 2.571130
epoch : 100, rmse: 3.468885, R2: 0.969898, MAE: 2.562419
