epoch : 30, rmse: 5.811882, R2: 0.914128, MAE: 4.580029
epoch : 60, rmse: 5.906793, R2: 0.911301, MAE: 4.631702
epoch : 100, rmse: 5.998109, R2: 0.908537, MAE: 4.685289
