epoch : 30, rmse: 2.084087, R2: 0.989470, MAE: 1.137732
epoch : 60, rmse: 2.241214, R2: 0.987822, MAE: 1.167913
epoch : 100, rmse: 2.418977, R2: 0.985814, MAE: 1.186669
