rmse:[2.45381585]
rsq:[0.98493735]
mae:[1.69082969]
parameters :
AR_1:-0.6102781472015354 (3.411328838328904e-05)
AR_2:0.7451425432989451 (1.7891508946571577e-17)
AR_3:0.3712797585961506 (0.00022169772184378136)
MA_1:0.810198074961073 (1.1758417769988042e-08)
MA_2:-0.6098668638516245 (1.1571506172603296e-07)
MA_3:-0.4429826388594125 (5.092845655837346e-08)
