rmse:2.94562034068067
rsq:0.9707608374905146
mae:2.2506842789610424
parameters :
AR_1:-0.04816054902782884 (0.0006080659950602315)
AR_2:-0.025076446980352423 (0.07449622183329731)
AR_3:0.02082943878142008 (0.13810845864420024)
