epoch : 30, rmse: 2.542945, R2: 0.984323, MAE: 1.270112
epoch : 60, rmse: 2.481734, R2: 0.985068, MAE: 1.317230
epoch : 100, rmse: 2.483172, R2: 0.985051, MAE: 1.323614
