epoch : 75, rmse: 2.876888, R2: 0.979296, MAE: 2.195049
epoch : 150, rmse: 3.039543, R2: 0.976888, MAE: 2.297774
epoch : 300, rmse: 3.083110, R2: 0.976221, MAE: 2.300250
