rmse:6.099711875883391
rsq:0.9069243278445625
mae:4.5118877796110235
parameters :
AR_1:-0.6106790447747416 (3.655970037161664e-05)
AR_2:0.7440078790451161 (3.661878416892547e-17)
AR_3:0.3705550799961386 (0.000234422430824622)
MA_1:0.8106065801374993 (1.3586603431577197e-08)
MA_2:-0.6086382864578717 (1.5355270302898868e-07)
MA_3:-0.4421413548142247 (5.807932612926264e-08)
