rmse:[6.12858492]
rsq:[0.92706412]
mae:[4.67627828]
parameters :
AR_1:1.2447345011397846 (5.323244167155662e-74)
AR_2:-0.31339320274976057 (1.3558380564590984e-06)
AR_3:-0.06904865952987774 (0.09439920431803543)
MA_1:-0.8842333964746296 (6.363328443798468e-51)
