rmse:2.5742229946114623
rsq:0.9495042495168554
mae:0.9848145954117207
parameters :
AR_1:-1.1091580035861175 (4.544078884471895e-108)
AR_2:-0.2256242981446176 (1.21882695277398e-24)
AR_3:-0.06336991852649335 (5.193055759416131e-06)
MA_1:0.9282593015362639 (1.6217828866793067e-81)
