rmse:2.5694377377600874
rsq:0.9496918094501713
mae:0.9889141844526942
parameters :
AR_1:0.8254379256627092 (7.617655682117065e-44)
AR_2:0.9815909704666858 (1.1941262845169264e-29)
AR_3:-0.6714918130578953 (4.2723069717552386e-51)
AR_4:-0.08844473436480094 (2.8946583496900866e-05)
AR_5:-0.05738866749857089 (0.00013650846448413326)
MA_1:-1.0084598829268576 (8.156090372809749e-68)
MA_2:-0.8573044365425524 (5.431393215694922e-20)
MA_3:0.8759870721396676 (1.4098766352816247e-59)
