rmse:[2.60192449]
rsq:[0.98726012]
mae:[1.87001918]
parameters :
AR_1:0.776815314851766 (2.650267677444413e-07)
AR_2:0.6772078997505077 (1.0038148682757174e-34)
AR_3:-0.8684358998891676 (1.0392188084345271e-08)
AR_4:0.18537129787969195 (4.526508266903234e-09)
MA_1:-0.5856700849207532 (0.00010380602930112992)
MA_2:-0.795316509285795 (1.8485205546305689e-78)
MA_3:0.7246204483220804 (7.484706136908087e-07)
