epoch : 30, rmse: 2.306041, R2: 0.987108, MAE: 1.216882
epoch : 60, rmse: 2.377686, R2: 0.986294, MAE: 1.250898
epoch : 100, rmse: 2.466808, R2: 0.985247, MAE: 1.282836
