epoch : 75, rmse: 5.979128, R2: 0.909115, MAE: 4.668643
epoch : 150, rmse: 6.132948, R2: 0.904378, MAE: 4.747955
epoch : 300, rmse: 6.278355, R2: 0.899791, MAE: 4.800390
