rmse:2.9485962126799237
rsq:0.9707017287475429
mae:2.254386701738311
parameters :
AR_1:-0.04870354289290691 (0.0005261760693709179)
AR_2:-0.02609141876130904 (0.06323406996095807)
