rmse:2.9483419678809937
rsq:0.9707067810581351
mae:2.2538005136124433
parameters :
AR_1:-1.4123505564322867 (9.29431529215853e-13)
AR_2:-1.1146636787411346 (1.280886786702469e-05)
AR_3:-0.42229012613861994 (0.02776648111443662)
MA_1:1.3658938260044668 (1.8982183238759747e-11)
MA_2:1.026793213953932 (0.0001029213738427148)
MA_3:0.35708363916326447 (0.06929513758435621)
