rmse:[2.59220084]
rsq:[0.98735517]
mae:[1.86226147]
parameters :
AR_1:-0.6130716011088473 (3.4605328167256226e-05)
AR_2:0.7434343839629048 (6.220605119607058e-17)
AR_3:0.3724566221926342 (0.00021910503392353757)
MA_1:0.8130184517659095 (1.2881752342560465e-08)
MA_2:-0.6078178181449845 (1.8853080129893188e-07)
MA_3:-0.4438793764365995 (5.563408248304129e-08)
