rmse:1.2595822367091536
rsq:0.9946535631251627
mae:0.910511118993606