rmse:1.594907130647679
rsq:0.9946253920708978
mae:1.594907130647679