rmse:2.1581658994877886
rsq:0.9887081503573335
mae:1.0013386427024236
parameters :
constant:-0.32675429676469037 (2.786620586870196e-07)
AR_1:-0.32675429676469037 (2.786620586870196e-07)
AR_2:0.098637628626278 (0.038708817274141646)
AR_3:0.8703809518252197 (1.4116259946510111e-65)
AR_4:0.16696274040867315 (1.190243083392823e-28)
AR_5:0.045881997700990246 (0.00032100268678214485)
AR_6:0.027665400274683918 (0.018389649743116118)
MA_1:0.15608249385291215 (0.0129479853244509)
MA_2:-0.17997225554932625 (0.0002996312156676044)
MA_3:-0.8584157943672862 (1.9543984719375198e-59)
