rmse:7.061062671627972
rsq:0.9061755566465194
mae:5.385437886350244
parameters :
AR_1:-0.5969811807051931 (2.7796425406912438e-05)
AR_2:0.7504274546343791 (7.787801840769659e-18)
AR_3:0.3649551591413756 (0.000182001045966282)
MA_1:0.798960239237863 (6.14565285869293e-09)
MA_2:-0.6188835474566647 (6.403704614228675e-08)
MA_3:-0.443729918725347 (2.7134456610220088e-08)
