epoch : 30, rmse: 4.005970, R2: 0.959855, MAE: 2.949811
epoch : 60, rmse: 4.026522, R2: 0.959442, MAE: 2.930103
epoch : 100, rmse: 3.460435, R2: 0.970044, MAE: 2.535176
