rmse:3.727714748676094
rsq:0.8941117320724153
mae:2.1613720736182724
parameters :
AR_1:0.31521569505387453 (nan)
AR_2:0.9090627546711737 (nan)
AR_3:-0.2365740523737699 (nan)
AR_4:-0.005166926898152261 (nan)
AR_5:-0.027145087780750914 (nan)
MA_1:-0.4995837277457789 (nan)
MA_2:-0.8757621111671678 (2.1106521262998984e-41)
MA_3:0.4202882841538452 (nan)
