rmse:3.9847038602757863
rsq:0.8790085722785196
mae:2.3988317242679686
parameters :
AR_1:-1.109135849577438 (3.430932926669743e-108)
AR_2:-0.225601797178148 (1.2751016468928e-24)
AR_3:-0.0633477716838427 (5.287768314480769e-06)
MA_1:0.9282300717974103 (1.2771406800752525e-81)
