rmse:[2.46912997]
rsq:[0.98474875]
mae:[1.70281784]
parameters :
AR_1:0.7498956689133169 (1.758404963849087e-06)
AR_2:0.6828382957108001 (5.202629566872777e-35)
AR_3:-0.8411846521286511 (4.4320237827800014e-08)
AR_4:0.18100243751508524 (9.030231557507907e-09)
MA_1:-0.5585207813396116 (0.00037914989819087135)
MA_2:-0.7962415498287756 (1.584395385701651e-70)
MA_3:0.697364534218547 (2.3257196105983502e-06)
