rmse:7.143050693418315
rsq:0.903984062061771
mae:5.479753784886983
parameters :
AR_1:0.7706329446315412 (4.563338941845914e-07)
AR_2:0.6760268517138186 (3.993738367748866e-34)
AR_3:-0.8618356599588708 (1.9956206930710826e-08)
AR_4:0.18701539711986964 (3.858448075062805e-09)
MA_1:-0.5787868835178376 (0.000152200151242246)
MA_2:-0.7947330650642888 (8.630345377978197e-76)
MA_3:0.7165159557462791 (1.4305588316159833e-06)
