rmse:3.9852220217945677
rsq:0.8789771033511523
mae:2.4053141341229165
parameters :
AR_1:0.8257283123317215 (2.897146787479805e-44)
AR_2:0.9822758766031728 (5.2651625371799785e-30)
AR_3:-0.6724421847943103 (4.569561022480571e-51)
AR_4:-0.08866129746061413 (2.801200244001732e-05)
AR_5:-0.05731913708207249 (0.00013423588453424527)
MA_1:-1.0087605733624647 (1.6970889650013024e-68)
MA_2:-0.8579113472445407 (3.047452054466381e-20)
MA_3:0.8769958840171382 (6.328030011782647e-60)
