rmse:2.45544366541706
rsq:0.9849173557365701
mae:1.6915281231497696
parameters :
AR_1:0.008707542035708709 (0.9055178049304241)
AR_2:-0.6103381207198433 (3.41701823521257e-05)
AR_3:0.7450432465796029 (1.8847020542680134e-17)
MA_1:0.3712405359705568 (0.00022197743837504055)
MA_2:0.810250596397266 (1.1815653881155668e-08)
MA_3:-0.6097720163345807 (1.1791688367434963e-07)
