epoch : 30, rmse: 2.776526, R2: 0.980715, MAE: 2.045295
epoch : 60, rmse: 2.844602, R2: 0.979758, MAE: 2.141496
epoch : 100, rmse: 2.905764, R2: 0.978878, MAE: 2.211310
