rmse:1.5949071334539544
rsq:0.9946253920614411
mae:1.5949071334539544